  1.9453 -1.3638  0.0000  0.0000  0.0000  3.3527 -2.7277  0.0000  0.0000  0.0000
 -1.3638  2.8091 -1.3638  0.0000  0.0000 -2.7277  5.4553 -2.7277  0.0000  0.0000
  0.0000 -1.3638  2.8091 -1.3638  0.0000  0.0000 -2.7277  5.4553 -2.7277  0.0000
  0.0000  0.0000 -1.3638  2.8091 -1.3638  0.0000  0.0000 -2.7277  5.4553 -2.7277
  0.0000  0.0000  0.0000 -1.3638  1.9453  0.0000  0.0000  0.0000 -2.7277  3.3527
  0.6705 -0.5455  0.0000  0.0000  0.0000  2.5577 -1.9224  0.0000  0.0000  0.0000
 -0.5455  1.0911 -0.5455  0.0000  0.0000 -1.9224  4.1481 -1.9224  0.0000  0.0000
  0.0000 -0.5455  1.0911 -0.5455  0.0000  0.0000 -1.9224  4.1481 -1.9224  0.0000
  0.0000  0.0000 -0.5455  1.0911 -0.5455  0.0000  0.0000 -1.9224  4.1481 -1.9224
  0.0000  0.0000  0.0000 -0.5455  0.6705  0.0000  0.0000  0.0000 -1.9224  2.5577
