     0.00000000     5.00000000    10.00000000    15.00000000    20.00000000    25.00000000    30.00000000    35.00000000    40.00000000    45.00000000    50.00000000    55.00000000    60.00000000    65.00000000    70.00000000    75.00000000    80.00000000    85.00000000    90.00000000    95.00000000   100.00000000   105.00000000
     5.00000000    59.45954514    58.98016357    58.04807663    56.68552780    54.92501068    52.75978088    50.35688782    47.11938858    41.06448364    31.56456757    22.56195831    16.46019936    12.25969505     9.61793137     7.74151611     6.16146660     4.81572914     3.65839767     2.63554597     1.72218907     0.83988792
    10.00000000    58.99009705    58.49956512    57.56428909    56.19829178    54.43601227    52.26182556    49.84351349    46.68070984    40.69806290    31.18713188    22.25765038    16.24668121    12.07914639     9.48565197     7.63773870     6.07836819     4.75243092     3.61145282     2.60046339     1.70382452     0.83403468
    15.00000000    58.07047272    57.57786560    56.62262344    55.25259781    53.47516251    51.28194046    48.91060638    45.86888123    39.94149399    30.47220993    21.65438271    15.78530979    11.73790169     9.21238995     7.43144941     5.91105604     4.62678051     3.51536584     2.53396368     1.66422021     0.80781257
    20.00000000    56.71622849    56.22076416    55.26108932    53.86843109    52.07520294    49.88184738    47.53000259    44.49942398    38.66864395    29.45829964    20.87672043    15.17363167    11.27722073     8.84930038     7.13603115     5.68539095     4.45019579     3.38516068     2.44231558     1.60133004     0.77775383
    25.00000000    54.96568680    54.46526337    53.48859406    52.08334732    50.26879120    48.03569412    45.64327240    42.61054993    36.94219971    28.06797409    19.84301186    14.39975357    10.68526554     8.39052582     6.76913404     5.39950609     4.23126888     3.22222948     2.32646942     1.52700329     0.74279869
    30.00000000    52.79825211    52.28995514    51.30365753    49.90154648    48.04423904    45.75104141    43.27598953    40.20850372    34.70933914    26.27489471    18.52350807    13.41839886     9.96629620     7.83269358     6.33273649     5.06006956     3.97277904     3.03076553     2.19079185     1.43931949     0.69894165
    35.00000000    50.39876556    49.88286972    48.95080566    47.55723572    45.65888596    43.28350449    40.55173111    37.23029709    31.84716415    24.01060677    16.90063858    12.24751472     9.11980438     7.19355965     5.83638287     4.67741537     3.68346643     2.81558490     2.03926301     1.34136951     0.65292943
    40.00000000    47.19478989    46.74671555    45.91762543    44.53145981    42.63293457    40.22082901    37.23602676    33.45191956    28.23462486    21.22278023    14.92731571    10.88590813     8.16601753     6.48893404     5.29306793     4.26318312     3.36966038     2.58397079     1.87617695     1.23613560     0.60169297
    45.00000000    41.14995575    40.76918030    39.99045944    38.70347595    36.96662140    34.72478104    31.85575104    28.23769760    23.60086250    17.77805901    12.69571304     9.40587711     7.14664650     5.74613857     4.72546291     3.83066154     3.04319334     2.34319186     1.70551407     1.12596154     0.54942346
    50.00000000    31.63186455    31.24773216    30.51819611    29.49113274    28.09086227    26.29048157    24.01975632    21.22796059    17.78011703    13.89780998    10.41449738     7.88157082     6.12980461     4.99397802     4.15979099     3.39441419     2.71616483     2.09774661     1.53432322     1.01406109     0.49558783
    55.00000000    22.63454628    22.31462288    21.69227982    20.90840149    19.86319351    18.53865623    16.91028976    14.93342304    12.69879913    10.41600704     8.26871109     6.46435452     5.15985394     4.28453207     3.61267710     2.97481465     2.39442611     1.86023593     1.36263406     0.90452516     0.44161886
    60.00000000    16.53376389    16.30473518    15.81956577    15.20184803    14.42022514    13.43249702    12.25752735    10.89254379     9.41014194     7.88381624     6.46535730     5.24785137     4.30073833     3.64555597     3.10912228     2.58411789     2.08855510     1.63163388     1.19829988     0.79759675     0.38987654
    65.00000000    12.32004356    12.13175678    11.77389431    11.30251884    10.70487404     9.98066902     9.12981796     8.17332458     7.15133619     6.13295984     5.16159105     4.30149651     3.61258316     3.10633135     2.66432858     2.22385764     1.80764759     1.41452968     1.04410362     0.69416589     0.34144676
    70.00000000     9.67107296     9.53021717     9.24605370     8.87536526     8.40871239     7.84734821     7.20383406     6.49645472     5.75152731     4.99751186     4.28684187     3.64688468     3.10685849     2.66277242     2.27317452     1.90002584     1.54809952     1.21479106     0.89762598     0.59899127     0.29355106
    75.00000000     7.78767920     7.67864323     7.46087456     7.16002369     6.78764009     6.34580994     5.84705400     5.30044985     4.73089027     4.16368294     3.61520386     3.11073375     2.66526246     2.27352285     1.92482388     1.60877419     1.30992627     1.03057086     0.76150763     0.50941408     0.24938910
    80.00000000     6.19955778     6.11257410     5.93870640     5.70597696     5.41584778     5.07318258     4.68644619     4.27063990     3.83579350     3.39816952     2.97747993     2.58584166     2.22492480     1.90062094     1.60901272     1.34063315     1.09263730     0.85884500     0.63623953     0.42452046     0.20951436
    85.00000000     4.84798861     4.78119516     4.64885187     4.46901989     4.24540615     3.98371053     3.69225812     3.37579107     3.04817462     2.71954560     2.39693594     2.09026504     1.80874801     1.54880667     1.31024015     1.09281492     0.88965142     0.69956583     0.51830703     0.34649283     0.16991822
    90.00000000     3.68400812     3.63441777     3.53409243     3.40010738     3.23424268     3.03992748     2.82270145     2.58956718     2.34707284     2.10096049     1.86229229     1.63322735     1.41556847     1.21540904     1.03104484     0.85895842     0.69969887     0.55061364     0.40723082     0.27288330     0.13385043
    95.00000000     2.65517473     2.61856079     2.54881430     2.45394945     2.33534455     2.19824004     2.04466558     1.88045871     1.70885563     1.53655231     1.36455941     1.19943094     1.04502594     0.89820838     0.76179838     0.63654453     0.51830500     0.40732807     0.30242264     0.20156765     0.09963966
   100.00000000     1.73778486     1.71789467     1.67414045     1.60916924     1.53358483     1.44398963     1.34546375     1.23897314     1.12822688     1.01584184     0.90562683     0.79864007     0.69467241     0.59948158     0.50968480     0.42462093     0.34668314     0.27282143     0.20164245     0.13556710     0.06618396
   105.00000000     0.84887201     0.84115428     0.81284386     0.78188938     0.74574655     0.70169419     0.65461791     0.60336566     0.55048162     0.49643299     0.44233289     0.39020795     0.34191209     0.29364339     0.24961279     0.20959365     0.16990763     0.13397680     0.09955285     0.06624111     0.03324305
