  0.9853475      0.1206033      0.1206031      3.7021048E-02
  0.9298639      0.1206033      0.3475744      3.3284217E-02
  0.9298639      0.3475743      0.1206035      3.3284217E-02
  0.8708526      0.1206033      0.4765193      1.3967015E-02
  0.8708526      0.3475743      0.3475743      2.6216671E-02
  0.8708526      0.4765193      0.1206034      1.3967015E-02
  0.8075404      0.1206033      0.5773502      2.9085133E-02
  0.8075404      0.3475743      0.4765192      2.2875394E-03
  0.8075404      0.4765193      0.3475742      2.2875394E-03
  0.8075404      0.5773503      0.1206032      2.9085133E-02
  0.7388226      0.1206033      0.6630204      6.2319301E-03
  0.7388226      0.3475743      0.5773503      3.6399130E-02
  0.7388226      0.4765193      0.4765193      8.9905960E-03
  0.7388226      0.5773503      0.3475743      3.6399130E-02
  0.7388226      0.6630204      0.1206031      6.2319301E-03
  0.6630204      0.1206033      0.7388226      6.2319301E-03
  0.6630204      0.3475743      0.6630204      8.9905960E-03
  0.6630204      0.4765193      0.5773503      2.9760692E-03
  0.6630204      0.5773503      0.4765193      2.9760692E-03
  0.6630204      0.6630204      0.3475742      8.9905960E-03
  0.6630204      0.7388226      0.1206032      6.2319301E-03
  0.5773503      0.1206033      0.8075404      2.9085133E-02
  0.5773503      0.3475743      0.7388226      3.6399130E-02
  0.5773503      0.4765193      0.6630204      2.9760692E-03
  0.5773503      0.5773503      0.5773503      1.0957079E-02
  0.5773503      0.6630204      0.4765193      2.9760692E-03
  0.5773503      0.7388226      0.3475743      3.6399130E-02
  0.5773503      0.8075404      0.1206032      2.9085133E-02
  0.4765193      0.1206033      0.8708526      1.3967015E-02
  0.4765193      0.3475743      0.8075404      2.2875394E-03
  0.4765193      0.4765193      0.7388226      8.9905960E-03
  0.4765193      0.5773503      0.6630204      2.9760692E-03
  0.4765193      0.6630204      0.5773503      2.9760692E-03
  0.4765193      0.7388226      0.4765193      8.9905960E-03
  0.4765193      0.8075404      0.3475743      2.2875394E-03
  0.4765193      0.8708526      0.1206035      1.3967015E-02
  0.3475743      0.1206033      0.9298639      3.3284217E-02
  0.3475743      0.3475743      0.8708526      2.6216671E-02
  0.3475743      0.4765193      0.8075404      2.2875394E-03
  0.3475743      0.5773503      0.7388226      3.6399130E-02
  0.3475743      0.6630204      0.6630204      8.9905960E-03
  0.3475743      0.7388226      0.5773503      3.6399130E-02
  0.3475743      0.8075404      0.4765192      2.2875394E-03
  0.3475743      0.8708526      0.3475743      2.6216671E-02
  0.3475743      0.9298639      0.1206035      3.3284217E-02
  0.1206033      0.1206033      0.9853475      3.7021048E-02
  0.1206033      0.3475743      0.9298639      3.3284217E-02
  0.1206033      0.4765193      0.8708526      1.3967015E-02
  0.1206033      0.5773503      0.8075404      2.9085133E-02
  0.1206033      0.6630204      0.7388225      6.2319301E-03
  0.1206033      0.7388226      0.6630204      6.2319301E-03
  0.1206033      0.8075404      0.5773503      2.9085133E-02
  0.1206033      0.8708526      0.4765193      1.3967015E-02
  0.1206033      0.9298639      0.3475744      3.3284217E-02
  0.1206033      0.9853475      0.1206032      3.7021048E-02
